255 247 247 247 247 247 247 247 247 247 247 247 247 247 247 255
247   0   0   0   0   0   0   0   0   0   0   0   0   0   0 247
247   0   0   0   0   0  16  40  40  40  40  40  40   6   0 247
247   0   0   0   0   0 104 255 255 255 255 255 255  40   0 247
247   0   0   0   0   0 104 255 255 255 255 255 255  40   0 247
247   0   0   0   0   0 104 255 255 255 255 255 255  40   0 247
247   0  16 104 104 104 165 255 255 193 151 151 151  24   0 247
247   0  40 255 255 255 255 255 255 104   0   0   0   0   0 247
247   0  40 255 255 255 255 255 255 104   0   0   0   0   0 247
247   0  16 104 104 104 165 255 255 193 151 151 151  24   0 247
247   0   0   0   0   0 104 255 255 255 255 255 255  40   0 247
247   0   0   0   0   0 104 255 255 255 255 255 255  40   0 247
247   0   0   0   0   0 104 255 255 255 255 255 255  40   0 247
247   0   0   0   0   0  16  40  40  40  40  40  40   6   0 247
247   0   0   0   0   0   0   0   0   0   0   0   0   0   0 247
255 247 247 247 247 247 247 247 247 247 247 247 247 247 247 255
255 247 247 247 247 247 247 247 247 247 247 247 247 247 247 255
247   0   0   0   0   0   0   0   0   0   0   0   0   0   0 247
247   0   0   0   0   0  16  40  40  40  40  40  40   6   0 247
247   0   0   0   0   0 104 255 255 255 255 255 255  40   0 247
247   0   0   0   0   0 104 255 255 255 255 255 255  40   0 247
247   0   0   0   0   0 104 255 255 255 255 255 255  40   0 247
247   0  16 104 104 104 165 255 255 193 151 151 151  24   0 247
247   0  40 255 255 255 255 255 255 104   0   0   0   0   0 247
247   0  40 255 255 255 255 255 255 104   0   0   0   0   0 247
247   0  16 104 104 104 165 255 255 193 151 151 151  24   0 247
247   0   0   0   0   0 104 255 255 255 255 255 255  40   0 247
247   0   0   0   0   0 104 255 255 255 255 255 255  40   0 247
247   0   0   0   0   0 104 255 255 255 255 255 255  40   0 247
247   0   0   0   0   0  16  40  40  40  40  40  40   6   0 247
247   0   0   0   0   0   0   0   0   0   0   0   0   0   0 247
255 247 247 247 247 247 247 247 247 247 247 247 247 247 247 255
255 247 247 247 247 247 247 247 247 247 247 247 247 247 247 255
247   0   0   0   0   0   0   0   0   0   0   0   0   0   0 247
247   0   0   0   0   0  16  40  40  40  40  40  40   6   0 247
247   0   0   0   0   0 104 255 255 255 255 255 255  40   0 247
247   0   0   0   0   0 104 255 255 255 255 255 255  40   0 247
247   0   0   0   0   0 104 255 255 255 255 255 255  40   0 247
247   0  16 104 104 104 165 255 255 193 151 151 151  24   0 247
247   0  40 255 255 255 255 255 255 104   0   0   0   0   0 247
247   0  40 255 255 255 255 255 255 104   0   0   0   0   0 247
247   0  16 104 104 104 165 255 255 193 151 151 151  24   0 247
247   0   0   0   0   0 104 255 255 255 255 255 255  40   0 247
247   0   0   0   0   0 104 255 255 255 255 255 255  40   0 247
247   0   0   0   0   0 104 255 255 255 255 255 255  40   0 247
247   0   0   0   0   0  16  40  40  40  40  40  40   6   0 247
247   0   0   0   0   0   0   0   0   0   0   0   0   0   0 247
255 247 247 247 247 247 247 247 247 247 247 247 247 247 247 255

245 208 201 200 200 200 200 200 200 200 200 200 200 201 207 242
215  64  41  44  44  42  36  32  32  36  42  44  44  41  60 207
210  47  92 142 149 120  50   9   9  50 120 149 142  91  41 201
210  50 143 225 236 189  76  11  11  76 189 236 225 142  44 200
210  51 152 239 252 202  83  14  14  83 202 252 239 151  44 200
210  51 152 239 252 212 117  62  62 117 212 252 239 151  44 200
210  51 152 239 254 238 199 177 177 199 238 254 239 151  44 200
210  51 152 239 255 252 247 244 244 247 252 255 239 151  44 200
210  50 145 229 243 246 251 254 254 251 246 243 229 144  44 200
210  46 104 163 175 190 229 251 251 229 190 175 163 104  40 200
210  39  34  49  56  95 190 246 246 190  95  56  49  33  34 200
210  37   4   3   6  56 175 243 243 175  56   6   3   4  31 200
210  37   3   0   3  49 163 229 229 163  49   3   0   2  31 200
210  39   6   3   4  34 104 145 145 104  34   4   3   5  34 201
216  69  39  37  37  39  46  50  50  46  39  37  37  38  63 208
246 216 210 210 210 210 210 210 210 210 210 210 210 210 215 245
245 208 201 200 200 200 200 200 200 200 200 200 200 201 207 242
215  64  41  44  44  42  36  32  32  36  42  44  44  41  60 207
210  47  92 142 149 120  50   9   9  50 120 149 142  91  41 201
210  50 143 225 236 189  76  11  11  76 189 236 225 142  44 200
210  51 152 239 252 202  83  14  14  83 202 252 239 151  44 200
210  51 152 239 252 212 117  62  62 117 212 252 239 151  44 200
210  51 152 239 254 238 199 177 177 199 238 254 239 151  44 200
210  51 152 239 255 252 247 244 244 247 252 255 239 151  44 200
210  50 145 229 243 246 251 254 254 251 246 243 229 144  44 200
210  46 104 163 175 190 229 251 251 229 190 175 163 104  40 200
210  39  34  49  56  95 190 246 246 190  95  56  49  33  34 200
210  37   4   3   6  56 175 243 243 175  56   6   3   4  31 200
210  37   3   0   3  49 163 229 229 163  49   3   0   2  31 200
210  39   6   3   4  34 104 145 145 104  34   4   3   5  34 201
216  69  39  37  37  39  46  50  50  46  39  37  37  38  63 208
246 216 210 210 210 210 210 210 210 210 210 210 210 210 215 245
245 208 201 200 200 200 200 200 200 200 200 200 200 201 207 242
215  64  41  44  44  42  36  32  32  36  42  44  44  41  60 207
210  47  92 142 149 120  50   9   9  50 120 149 142  91  41 201
210  50 143 225 236 189  76  11  11  76 189 236 225 142  44 200
210  51 152 239 252 202  83  14  14  83 202 252 239 151  44 200
210  51 152 239 252 212 117  62  62 117 212 252 239 151  44 200
210  51 152 239 254 238 199 177 177 199 238 254 239 151  44 200
210  51 152 239 255 252 247 244 244 247 252 255 239 151  44 200
210  50 145 229 243 246 251 254 254 251 246 243 229 144  44 200
210  46 104 163 175 190 229 251 251 229 190 175 163 104  40 200
210  39  34  49  56  95 190 246 246 190  95  56  49  33  34 200
210  37   4   3   6  56 175 243 243 175  56   6   3   4  31 200
210  37   3   0   3  49 163 229 229 163  49   3   0   2  31 200
210  39   6   3   4  34 104 145 145 104  34   4   3   5  34 201
216  69  39  37  37  39  46  50  50  46  39  37  37  38  63 208
246 216 210 210 210 210 210 210 210 210 210 210 210 210 215 245

239 201 195 194 194 194 194 194 194 194 194 194 194 195 203 245
201  58  42  46  47  47  47  47  46  42  33  30  30  32  63 219
195  42  94 145 154 154 154 154 146 103  31   3   1   4  39 215
194  46 145 226 240 240 240 240 228 160  46   2   0   2  37 215
194  47 152 236 251 251 253 254 242 171  52   6   3   4  37 215
194  43 119 185 197 209 237 252 245 189  95  59  52  35  39 215
194  35  48  73  79 117 200 247 251 228 191 177 165 104  44 215
194  30   8  10  13  65 180 244 254 251 246 244 228 142  47 215
194  30   9  11  15  66 180 244 254 250 244 242 227 141  47 215
194  36  52  79  85 121 202 247 250 226 186 171 159 100  44 215
194  44 124 192 205 215 239 252 244 186  89  51  45  31  39 215
194  47 152 237 252 252 254 254 242 171  51   5   2   4  37 215
194  46 144 224 238 238 238 238 227 159  45   2   0   2  37 215
195  42  91 140 149 149 149 149 141 100  31   4   2   6  40 215
203  64  45  47  47  47  47  47  47  44  39  37  37  40  70 220
245 219 215 215 215 215 215 215 215 215 215 215 215 215 220 248
239 201 195 194 194 194 194 194 194 194 194 194 194 195 203 245
201  58  42  46  47  47  47  47  46  42  33  30  30  32  63 219
195  42  94 145 154 154 154 154 146 103  31   3   1   4  39 215
194  46 145 226 240 240 240 240 228 160  46   2   0   2  37 215
194  47 152 236 251 251 253 254 242 171  52   6   3   4  37 215
194  43 119 185 197 209 237 252 245 189  95  59  52  35  39 215
194  35  48  73  79 117 200 247 251 228 191 177 165 104  44 215
194  30   8  10  13  65 180 244 254 251 246 244 228 142  47 215
194  30   9  11  15  66 180 244 254 250 244 242 227 141  47 215
194  36  52  79  85 121 202 247 250 226 186 171 159 100  44 215
194  44 124 192 205 215 239 252 244 186  89  51  45  31  39 215
194  47 152 237 252 252 254 254 242 171  51   5   2   4  37 215
194  46 144 224 238 238 238 238 227 159  45   2   0   2  37 215
195  42  91 140 149 149 149 149 141 100  31   4   2   6  40 215
203  64  45  47  47  47  47  47  47  44  39  37  37  40  70 220
245 219 215 215 215 215 215 215 215 215 215 215 215 215 220 248
239 201 195 194 194 194 194 194 194 194 194 194 194 195 203 245
201  58  42  46  47  47  47  47  46  42  33  30  30  32  63 219
195  42  94 145 154 154 154 154 146 103  31   3   1   4  39 215
194  46 145 226 240 240 240 240 228 160  46   2   0   2  37 215
194  47 152 236 251 251 253 254 242 171  52   6   3   4  37 215
194  43 119 185 197 209 237 252 245 189  95  59  52  35  39 215
194  35  48  73  79 117 200 247 251 228 191 177 165 104  44 215
194  30   8  10  13  65 180 244 254 251 246 244 228 142  47 215
194  30   9  11  15  66 180 244 254 250 244 242 227 141  47 215
194  36  52  79  85 121 202 247 250 226 186 171 159 100  44 215
194  44 124 192 205 215 239 252 244 186  89  51  45  31  39 215
194  47 152 237 252 252 254 254 242 171  51   5   2   4  37 215
194  46 144 224 238 238 238 238 227 159  45   2   0   2  37 215
195  42  91 140 149 149 149 149 141 100  31   4   2   6  40 215
203  64  45  47  47  47  47  47  47  44  39  37  37  40  70 220
245 219 215 215 215 215 215 215 215 215 215 215 215 215 220 248

245 215 210 210 210 210 210 210 210 210 210 210 210 210 216 246
208  63  38  37  37  39  46  50  50  46  39  37  37  39  69 216
201  34   5   3   4  34 104 145 145 104  34   4   3   6  39 210
200  31   2   0   3  49 163 229 229 163  49   3   0   3  37 210
200  31   4   3   6  56 175 243 243 175  56   6   3   4  37 210
200  34  33  49  56  95 190 246 246 190  95  56  49  34  39 210
200  40 104 163 175 190 229 251 251 229 190 175 163 104  46 210
200  44 144 229 243 246 251 254 254 251 246 243 229 145  50 210
200  44 151 239 255 252 247 244 244 247 252 255 239 152  51 210
200  44 151 239 254 238 199 177 177 199 238 254 239 152  51 210
200  44 151 239 252 212 117  62  62 117 212 252 239 152  51 210
200  44 151 239 252 202  83  14  14  83 202 252 239 152  51 210
200  44 142 225 236 189  76  11  11  76 189 236 225 143  50 210
201  41  91 142 149 120  50   9   9  50 120 149 142  92  47 210
207  60  41  44  44  42  36  32  32  36  42  44  44  41  64 215
242 207 201 200 200 200 200 200 200 200 200 200 200 201 208 245
245 215 210 210 210 210 210 210 210 210 210 210 210 210 216 246
208  63  38  37  37  39  46  50  50  46  39  37  37  39  69 216
201  34   5   3   4  34 104 145 145 104  34   4   3   6  39 210
200  31   2   0   3  49 163 229 229 163  49   3   0   3  37 210
200  31   4   3   6  56 175 243 243 175  56   6   3   4  37 210
200  34  33  49  56  95 190 246 246 190  95  56  49  34  39 210
200  40 104 163 175 190 229 251 251 229 190 175 163 104  46 210
200  44 144 229 243 246 251 254 254 251 246 243 229 145  50 210
200  44 151 239 255 252 247 244 244 247 252 255 239 152  51 210
200  44 151 239 254 238 199 177 177 199 238 254 239 152  51 210
200  44 151 239 252 212 117  62  62 117 212 252 239 152  51 210
200  44 151 239 252 202  83  14  14  83 202 252 239 152  51 210
200  44 142 225 236 189  76  11  11  76 189 236 225 143  50 210
201  41  91 142 149 120  50   9   9  50 120 149 142  92  47 210
207  60  41  44  44  42  36  32  32  36  42  44  44  41  64 215
242 207 201 200 200 200 200 200 200 200 200 200 200 201 208 245
245 215 210 210 210 210 210 210 210 210 210 210 210 210 216 246
208  63  38  37  37  39  46  50  50  46  39  37  37  39  69 216
201  34   5   3   4  34 104 145 145 104  34   4   3   6  39 210
200  31   2   0   3  49 163 229 229 163  49   3   0   3  37 210
200  31   4   3   6  56 175 243 243 175  56   6   3   4  37 210
200  34  33  49  56  95 190 246 246 190  95  56  49  34  39 210
200  40 104 163 175 190 229 251 251 229 190 175 163 104  46 210
200  44 144 229 243 246 251 254 254 251 246 243 229 145  50 210
200  44 151 239 255 252 247 244 244 247 252 255 239 152  51 210
200  44 151 239 254 238 199 177 177 199 238 254 239 152  51 210
200  44 151 239 252 212 117  62  62 117 212 252 239 152  51 210
200  44 151 239 252 202  83  14  14  83 202 252 239 152  51 210
200  44 142 225 236 189  76  11  11  76 189 236 225 143  50 210
201  41  91 142 149 120  50   9   9  50 120 149 142  92  47 210
207  60  41  44  44  42  36  32  32  36  42  44  44  41  64 215
242 207 201 200 200 200 200 200 200 200 200 200 200 201 208 245
